146 134
135 134
138 135
120 129
122 137
129 129
123 104
133 134
140 137
134 111
133 124
62 133
133 136
128 145
124 113
148 124
111 126
122 112
101 145
139 126
137 133
137 135
138 142
119 135
107 138
116 129
133 104
117 118
125 122
165 127
140 126
142 139
124 161
107 150
120 123
115 127
123 113
142 85
160 102
126 139
144 114
135 181
123 156
132 127
121 152
102 167
117 118
123 110
150 116
156 126
123 124
140 132
130 132
127 138
130 136
121 117
129 103
144 119
135 118
147 124
141 131
129 136
122 140
103 150
122 127
124 128
126 96
129 104
128 157
134 120
140 141
137 112
143 83
117 149
123 127
82 121
92 112
143 124
111 112
126 117
141 130
126 142
128 141
126 134
116 126
118 121
97 117
122 114
130 112
135 127
150 147
132 123
131 132
108 115
106 117
125 127
104 115
104 132
146 97
146 112
129 144
136 127
120 140
116 137
126 138
125 128
151 115
111 120
149 119
95 83
127 120
148 152
126 135
121 138
120 131
127 129
108 120
121 123
133 123
135 124
102 133
123 133
137 144
95 104
99 84
134 138
114 109
138 95
116 109
104 97
146 129
126 147
160 99
146 125
109 139
103 131
106 176
136 102
138 121
126 114
137 108
137 140
124 130
121 126
108 118
116 125
134 113
150 98
126 133
118 141
137 135
131 125
101 129
126 150
102 128
128 113
151 106
133 82
133 116
150 158
139 157
130 122
107 131
75 111
132 138
106 130
134 109
106 120
84 123
146 114
112 126
129 135
123 145
126 131
114 126
119 128
120 129
190 148
143 142
122 140
127 120
118 141
132 142
114 127
139 109
136 108
105 123
106 135
157 151
158 102
144 116
104 134
111 133
132 154
78 101
119 147
165 56
128 96
121 123
