131 128
134 132
136 126
142 117
129 125
106 128
116 137
118 121
131 122
154 132
137 136
124 130
117 125
97 128
126 120
115 121
153 117
143 123
133 80
144 130
123 137
147 127
171 134
105 124
129 126
142 130
126 148
130 121
124 127
125 127
124 131
114 128
128 132
129 128
129 127
122 128
108 162
130 125
125 127
118 135
94 171
110 120
129 125
147 134
133 130
133 126
128 132
106 143
139 132
149 134
113 131
129 123
120 151
130 131
132 126
126 130
111 150
113 148
138 125
118 183
109 131
132 113
125 127
132 118
141 131
144 144
117 92
117 89
137 136
114 113
97 137
125 132
137 124
97 152
107 158
138 125
114 131
85 116
136 125
159 78
118 134
138 128
127 122
130 130
127 125
127 126
126 121
121 130
130 122
122 154
125 145
137 118
123 132
129 130
117 126
120 122
120 115
78 88
137 124
141 128
106 103
102 109
140 142
114 133
130 119
137 159
125 165
140 109
143 136
65 154
119 147
129 115
104 147
85 146
138 116
131 132
146 130
142 122
128 127
133 136
140 148
125 130
125 121
123 121
122 127
151 122
125 128
75 144
