129 122
115 122
116 82
95 62
160 130
133 131
130 131
52 137
119 131
114 143
113 154
123 107
134 110
128 119
146 122
148 134
131 145
124 143
127 135
111 133
125 130
142 138
137 116
138 116
145 147
149 149
125 130
136 153
126 143
92 151
95 137
118 101
125 121
115 166
135 134
141 121
127 171
116 154
110 128
107 135
105 141
125 120
127 110
143 128
139 125
142 139
136 150
109 112
90 96
125 136
117 120
183 126
128 114
141 115
145 123
127 130
143 176
121 142
137 61
107 128
83 180
123 96
134 111
136 165
133 156
137 123
144 151
180 83
121 143
95 123
154 113
151 105
127 118
148 121
135 145
134 135
135 146
113 146
98 156
113 127
120 116
148 140
162 123
133 127
141 134
129 122
122 160
110 131
111 166
109 174
167 48
151 108
130 122
134 122
109 167
142 128
116 147
104 145
104 134
125 121
117 115
139 108
139 127
140 120
139 136
127 150
114 135
119 132
74 80
114 90
142 126
129 103
146 127
140 133
149 141
174 184
123 158
109 128
135 137
142 103
129 114
110 128
119 133
155 126
153 127
133 132
113 146
124 138
