119 101
131 96
141 139
130 121
132 144
108 127
170 168
173 135
112 112
138 111
98 106
131 136
130 123
129 144
107 136
132 127
125 135
146 152
139 123
154 158
122 125
139 125
91 147
107 115
123 137
113 119
140 109
131 126
124 125
180 102
168 120
109 147
133 126
113 126
112 116
132 128
105 114
90 123
149 130
123 132
141 160
122 140
120 122
133 138
150 140
118 124
130 121
123 150
137 130
150 139
161 142
115 128
146 142
131 153
124 115
134 129
129 149
129 129
132 130
133 130
130 97
121 137
113 130
131 134
135 116
146 123
128 133
79 129
128 137
124 134
119 156
124 171
115 100
130 131
119 143
112 129
137 128
114 114
86 108
157 113
125 102
107 126
126 118
137 157
126 121
138 138
106 104
107 117
127 137
123 128
148 144
119 118
137 126
141 118
127 135
120 136
123 130
121 116
112 136
124 147
134 116
138 96
135 125
128 146
168 101
164 102
110 146
136 118
131 136
117 115
111 100
137 118
133 131
147 156
148 125
157 95
116 149
131 143
120 121
135 127
121 111
121 118
134 142
127 136
128 132
111 125
112 125
131 114
